Labels | Predictions
0          [  4.85216333e-07]
1          [ 0.05551558]
0          [ 0.01028355]
0          [ 1.]
0          [ 0.00524576]
1          [ 0.89251351]
1          [ 0.00391182]
1          [ 0.99974555]
0          [  2.08730689e-05]
0          [ 0.00127988]
1          [ 1.]
0          [ 0.39702633]
0          [ 0.00016868]
0          [  5.47324519e-10]
1          [ 0.97481197]
0          [  3.89100409e-19]
1          [ 1.]
0          [ 0.99989986]
0          [ 0.1153191]
1          [ 0.44202542]
1          [ 0.0040783]
1          [ 0.00115411]
1          [ 0.12041064]
0          [ 0.957766]
1          [ 1.]
1          [ 0.99999988]
1          [ 1.]
0          [ 0.02193416]
0          [  3.48506116e-15]
1          [ 0.99969697]
1          [ 0.80549526]
0          [ 0.00137432]
0          [  5.02940578e-10]
1          [ 0.40460995]
0          [ 0.98223996]
1          [ 0.80279922]
0          [ 0.0171488]
1          [ 1.]
1          [ 0.99990141]
1          [ 0.00313767]
0          [  2.66527980e-14]
0          [ 0.00028738]
1          [ 0.15440156]
1          [ 0.94151807]
1          [ 1.]
1          [  1.97306281e-06]
0          [ 0.99999988]
1          [ 1.]
1          [ 0.99878258]
1          [ 0.98274374]
1          [ 0.0026111]
1          [ 0.00011797]
1          [ 0.99915671]
0          [  1.55407815e-17]
0          [  1.94285931e-07]
0          [ 0.00015206]
0          [  3.20936870e-27]
0          [  5.49891299e-10]
0          [ 0.9381395]
1          [  5.18659999e-06]
0          [ 0.52882349]
1          [ 0.99900669]
1          [ 0.99989688]
0          [  2.37033192e-14]
0          [  7.06212155e-09]
1          [ 0.99989581]
0          [ 0.99943095]
0          [  1.96656646e-29]
1          [ 0.89892805]
0          [  9.00653395e-05]
0          [ 0.0005994]
0          [ 0.00103792]
1          [ 0.14431062]
1          [ 1.]
1          [ 0.00015131]
1          [ 0.9847424]
0          [ 0.38695949]
1          [ 0.99942386]
1          [ 0.99812859]
0          [  5.71433452e-21]
1          [ 0.98380315]
0          [ 0.92976195]
1          [ 0.99981946]
1          [ 0.01207716]
0          [  1.06679445e-05]
1          [ 0.99164671]
1          [ 1.]
0          [ 0.85677904]
1          [ 0.1376639]
0          [  9.00994657e-09]
1          [ 0.56116408]
1          [ 0.99825817]
1          [ 0.01794949]
1          [ 0.99309903]
1          [ 0.14553915]
0          [  2.95188743e-12]
0          [ 0.00024839]
1          [ 1.]
0          [ 0.99995017]
0          [ 0.01372558]
1          [ 1.]
0          [ 0.]
1          [  1.55670277e-22]
0          [  1.99728565e-05]
0          [  2.14600334e-11]
1          [ 1.]
0          [  8.19032175e-06]
1          [ 0.93956089]
0          [ 0.99945205]
1          [ 0.00184548]
1          [  2.18732430e-06]
0          [  8.66484662e-09]
1          [ 0.99999988]
1          [ 0.24255979]
0          [  9.34422444e-26]
1          [ 0.00189432]
0          [  1.01379438e-08]
0          [  3.32853523e-14]
0          [ 0.35215783]
0          [  6.91973980e-07]
0          [ 0.99999452]
0          [  1.25418431e-09]
1          [ 0.99588352]
0          [  2.04149774e-06]
0          [  1.08764816e-05]
1          [  5.35958461e-05]
0          [  2.70417206e-13]
0          [ 0.70294553]
1          [ 0.99231404]
0          [ 0.00076075]
1          [ 0.00481455]
1          [ 1.]
0          [  5.19005208e-15]
1          [ 0.00054983]
1          [ 0.81688029]
0          [ 0.04852332]
0          [  1.00756124e-05]
1          [ 0.00194941]
0          [ 0.00029576]
0          [ 0.03638954]
0          [ 1.]
0          [  2.14582287e-15]
1          [ 0.99999034]
0          [  1.37544945e-12]
1          [ 0.02875081]
0          [ 0.0001509]
0          [  2.38455609e-11]
0          [  3.18921084e-10]
0          [  1.71659948e-07]
1          [ 0.99999917]
1          [  3.52011398e-07]
0          [ 1.]
1          [ 1.]
1          [ 0.99996245]
1          [ 0.99875033]
0          [ 0.84887302]
0          [ 0.98053724]
1          [ 1.]
0          [  1.40288225e-09]
0          [  2.93644189e-05]
0          [  3.86201839e-20]
1          [ 0.99997318]
1          [ 0.99999344]
1          [ 0.99999964]
0          [ 0.00562233]
1          [ 0.9999615]
0          [ 1.]
1          [ 0.9692719]
0          [ 0.24443984]
0          [  4.67941484e-11]
0          [ 0.00038653]
0          [  9.22083601e-08]
0          [ 0.99928313]
1          [ 0.78018087]
1          [ 0.99956506]
1          [ 1.]
0          [  1.14793067e-06]
0          [  1.74631726e-10]
0          [  2.65068024e-07]
1          [ 0.21591583]
0          [ 0.07728659]
0          [  1.15327693e-25]
0          [ 0.99922216]
1          [ 1.]
1          [ 0.99999499]
1          [ 0.15597989]
1          [ 1.]
1          [ 0.99841678]
1          [ 0.99997199]
0          [ 0.38475159]
1          [ 0.99999988]
0          [ 0.01241304]
0          [ 0.98965877]
1          [ 0.99972838]
1          [ 0.00427979]
0          [  4.27488476e-06]
0          [  5.60174203e-06]
0          [  1.60763875e-21]
1          [ 0.9999752]
0          [ 0.99881577]
0          [ 0.72288615]
0          [ 0.99738234]
1          [ 0.93463761]
0          [  2.50244717e-18]
1          [ 1.]
1          [  8.90210576e-05]
1          [ 1.]
1          [ 0.99963844]
1          [ 1.]
0          [  2.05759126e-20]
1          [ 1.]
0          [  1.20824168e-13]
0          [  3.45490585e-12]
1          [ 0.03173281]
0          [  1.75775085e-12]
1          [ 0.34730443]
1          [ 0.14292908]
1          [  4.00658682e-05]
0          [  3.09426290e-10]
1          [ 0.99999964]
1          [  3.40674916e-07]
0          [  8.13893337e-07]
0          [ 0.06539561]
1          [ 0.99878365]
1          [ 0.09564369]
1          [ 0.08367938]
1          [ 0.99939585]
1          [ 0.84314442]
0          [  1.37349698e-11]
0          [ 0.00161021]
1          [ 0.76496065]
0          [ 0.99999952]
0          [ 0.01280027]
0          [ 0.34369105]
1          [ 0.99999237]
0          [ 0.95936894]
0          [  2.33211222e-06]
1          [ 1.]
1          [ 0.91837633]
0          [ 0.00010117]
0          [ 0.63904721]
1          [ 0.99998796]
1          [ 1.]
1          [  9.82137201e-12]
1          [ 1.]
1          [ 0.9999963]
1          [ 0.99745673]
1          [ 1.]
0          [ 0.00043138]
0          [ 0.99685693]
0          [ 0.06947169]
1          [  2.07638462e-09]
0          [  5.20384624e-09]
1          [ 0.99999166]
0          [  4.74881199e-06]
1          [ 0.99999881]
0          [ 0.98355758]
1          [ 0.99997294]
0          [ 0.97291464]
0          [ 1.]
0          [ 1.]
0          [ 0.99991727]
1          [ 0.52529132]
0          [ 0.01765703]
1          [ 0.99999845]
1          [ 1.]
0          [  3.12550563e-09]
0          [ 0.07685083]
1          [ 0.99995434]
0          [  4.68200128e-08]
1          [  1.33534104e-05]
0          [  4.19686967e-06]
0          [ 0.14816549]
1          [ 1.]
1          [ 0.99999881]
0          [ 0.01224469]
0          [ 0.64983219]
0          [ 0.8353622]
1          [ 0.27521065]
0          [  1.36215510e-06]
0          [  1.43321859e-06]
0          [ 0.01018717]
1          [ 0.8351993]
1          [  4.52257537e-10]
0          [ 0.0025025]
1          [ 0.99782383]
1          [ 0.99999988]
0          [  3.17559734e-09]
1          [ 1.]
1          [ 0.93432021]
0          [  1.78588949e-10]
1          [ 1.]
1          [ 0.54983717]
0          [  9.31641964e-09]
1          [ 0.23864536]
1          [ 0.92161775]
0          [ 0.90496069]
1          [ 1.]
0          [ 0.99993646]
0          [  8.09196337e-08]
0          [ 0.89861703]
1          [ 0.87693632]
0          [ 1.]
1          [ 0.99598408]
1          [ 1.]
0          [ 0.00012409]
1          [ 0.99746633]
1          [ 0.99993455]
1          [ 1.]
0          [ 0.10205456]
0          [ 1.]
1          [ 1.]
0          [ 0.44658381]
1          [ 0.99623519]
1          [ 0.00578252]
1          [ 0.35942376]
1          [ 0.99203789]
0          [  2.55800733e-05]
1          [ 1.]
1          [ 0.00018307]
0          [  3.01674959e-06]
0          [  8.61176716e-30]
1          [ 0.99999225]
0          [  2.24854739e-05]
1          [ 0.59446055]
0          [ 0.35946724]
1          [  1.33075510e-17]
0          [ 0.00014414]
1          [ 0.00105564]
0          [ 1.]
1          [  1.76514932e-05]
1          [ 0.99756062]
0          [ 0.00010749]
0          [  8.02887484e-07]
0          [ 0.00059264]
0          [ 0.96621096]
0          [  9.12425810e-17]
1          [ 0.68860358]
1          [ 0.89982104]
0          [ 0.7694456]
0          [ 0.13704565]
0          [ 1.]
0          [ 1.]
0          [  1.05315209e-24]
0          [ 0.9999994]
1          [ 0.99999976]
1          [ 0.99986291]
0          [  1.73931500e-08]
0          [  9.61187181e-18]
0          [ 0.41181931]
1          [ 0.99949896]
0          [  1.37860978e-22]
1          [ 0.00196441]
1          [ 0.77367723]
0          [  7.24074707e-05]
0          [  9.40086803e-24]
1          [ 0.99862695]
1          [ 0.99988616]
0          [  1.75697696e-05]
1          [  1.11613253e-05]
1          [ 0.99999523]
1          [ 0.99863845]
1          [ 0.64066106]
1          [ 0.84984684]
1          [ 0.00542343]
1          [ 0.99976176]
1          [ 0.99999988]
1          [ 1.]
1          [ 0.99992955]
0          [ 0.00028352]
0          [  3.40838460e-06]
0          [ 0.00826569]
1          [ 0.85728753]
0          [  4.80546003e-28]
0          [  2.45135265e-13]
1          [ 1.]
1          [ 0.98838621]
0          [ 0.00042448]
1          [ 0.99732864]
1          [ 1.]
1          [ 0.92118871]
0          [ 0.14639822]
1          [ 0.99741012]
1          [ 0.99791044]
1          [ 1.]
0          [ 1.]
1          [  8.57874402e-05]
1          [ 0.7641564]
0          [  6.88552947e-12]
0          [  5.86312190e-08]
0          [  5.94990950e-20]
0          [  1.99736426e-25]
1          [ 0.03717154]
1          [ 0.99999964]
1          [ 0.99999988]
1          [ 1.]
0          [ 0.7412836]
0          [ 0.00141341]
0          [  1.41885250e-25]
0          [  5.31407132e-08]
0          [ 0.99987125]
0          [  3.28068290e-06]
1          [ 1.]
0          [ 0.35437202]
1          [ 1.]
0          [  1.79533599e-05]
1          [ 0.53954315]
0          [ 0.27670041]
0          [  5.95212720e-15]
1          [ 0.97110468]
1          [ 1.]
0          [ 0.5437941]
0          [ 0.98792624]
0          [  6.07355899e-09]
1          [ 0.93153256]
0          [  6.84774681e-15]
1          [ 0.83383828]
0          [  3.06911896e-09]
0          [  6.43057157e-18]
0          [ 0.99921501]
1          [ 1.]
0          [  1.71246517e-10]
1          [ 0.99806982]
0          [  4.48203251e-22]
0          [  6.65198399e-07]
0          [ 0.98098731]
1          [  4.95353744e-14]
1          [ 0.01569791]
1          [ 0.98759902]
1          [ 0.00349278]
0          [ 0.00010852]
0          [  1.39397197e-15]
1          [ 0.99914753]
0          [ 1.]
0          [ 0.05366597]
1          [ 0.17434554]
1          [  1.38744224e-10]
1          [ 0.00047445]
0          [  3.86099877e-14]
1          [ 1.]
1          [ 0.96733487]
1          [ 0.99833101]
0          [  5.03534768e-21]
0          [ 0.00551743]
1          [  2.72381762e-09]
1          [ 0.99999869]
1          [ 1.]
1          [ 0.99777156]
1          [ 0.99999321]
0          [  6.29574861e-05]
0          [  4.35635028e-10]
1          [ 0.71382028]
0          [ 0.99974149]
1          [ 1.]
1          [ 0.0207477]
1          [ 0.00102187]
0          [ 0.99965262]
0          [ 0.64626366]
1          [ 0.99596453]
1          [ 0.99220192]
0          [ 0.00036768]
1          [ 0.98644167]
0          [  8.49948924e-17]
1          [ 0.00051575]
1          [ 0.87054527]
1          [ 0.16066343]
0          [ 0.98808819]
1          [ 0.99939799]
1          [ 0.01282461]
1          [ 1.]
1          [ 0.2272964]
1          [ 0.79637635]
1          [ 0.57202202]
0          [ 0.99706179]
1          [ 0.99999487]
1          [ 0.00072524]
1          [ 0.99941325]
1          [ 0.97409749]
1          [ 0.99999285]
1          [  4.47259794e-07]
1          [ 0.00034406]
1          [ 1.]
1          [ 1.]
0          [ 0.98368651]
0          [ 0.97479463]
0          [ 0.84079707]
1          [ 1.]
0          [ 0.08973532]
0          [ 0.77972072]
1          [ 0.99982989]
0          [ 0.00391396]
0          [ 1.]
1          [ 0.99997115]
1          [ 0.98278517]
1          [ 0.99992251]
0          [ 0.36050481]
1          [ 0.90005296]
1          [ 0.99963641]
1          [ 0.97251475]
1          [ 0.00018467]
0          [ 0.99990892]
1          [  6.19756779e-09]
1          [ 0.99653411]
1          [  2.91489215e-07]
1          [  9.45383077e-11]
0          [  9.53803951e-21]
0          [ 0.99744248]
1          [ 0.02006042]
0          [  2.00674203e-05]
0          [ 0.99873096]
0          [ 0.11104787]
1          [ 0.81837505]
0          [ 0.03128267]
0          [ 0.99410856]
1          [ 0.49080583]
1          [ 0.19692901]
0          [ 0.99996817]
0          [ 0.00029498]
1          [ 0.09861788]
0          [  9.59490336e-08]
1          [ 0.92990655]
1          [ 0.99967587]
1          [ 0.99999988]
1          [ 0.73280573]
1          [ 0.90997136]
1          [ 0.77534223]
0          [  6.88202096e-24]
0          [  1.23180453e-05]
0          [  1.30063427e-06]
0          [  8.00602322e-08]
1          [ 0.999951]
1          [ 0.98140472]
1          [ 0.00866773]
0          [  2.81379919e-09]
0          [ 1.]
0          [  3.08867347e-05]
0          [ 0.99999845]
0          [ 0.99961412]
0          [  4.04131044e-21]
0          [  6.06020834e-08]
0          [  1.33358367e-06]
1          [ 0.99999988]
1          [ 1.]
1          [ 0.90076458]
1          [ 0.25275519]
0          [ 0.97431004]
1          [ 0.18393035]
1          [  2.13735956e-11]
0          [ 1.]
0          [ 0.84574246]
0          [ 0.99867576]
0          [ 0.99630511]
1          [ 1.]
1          [ 1.]
1          [ 0.99834299]
0          [ 0.8174696]
0          [ 1.]
0          [ 0.7990607]
1          [ 0.76757109]
0          [ 0.65763795]
0          [  1.54847565e-15]
1          [ 0.00031614]
0          [ 1.]
0          [  5.79359835e-07]
0          [  2.71930166e-20]
1          [ 0.99219149]
0          [  6.14850819e-08]
0          [  1.53200563e-06]
0          [ 0.85270178]
1          [ 0.00182796]
0          [  1.90229571e-06]
0          [  1.48956332e-08]
0          [  2.33052844e-17]
0          [  5.25089575e-13]
0          [ 0.99922848]
1          [ 0.9992969]
1          [  5.70227667e-06]
0          [ 0.99606484]
0          [ 0.08537126]
0          [ 0.00018605]
0          [ 0.34789607]
0          [  1.46134602e-12]
0          [  9.38146316e-14]
0          [  1.42772914e-18]
1          [ 0.7776013]
1          [ 0.99999881]
0          [  1.42768718e-12]
1          [ 0.00270911]
0          [  5.85539865e-08]
1          [ 1.]
1          [ 0.7520808]
0          [ 0.00910005]
1          [  3.82199886e-07]
0          [ 0.99999988]
0          [  7.30943128e-09]
0          [  2.44023340e-07]
1          [ 0.00773312]
1          [ 0.99977392]
0          [ 0.44366553]
1          [ 0.9768132]
1          [ 1.]
0          [  7.43184046e-06]
0          [  2.85083252e-06]
0          [  2.11766932e-16]
1          [ 1.]
0          [  3.92856627e-08]
0          [ 0.72912544]
0          [  3.24441353e-05]
1          [ 1.]
1          [ 0.67918235]
0          [ 0.70859849]
0          [  1.01655033e-07]
0          [ 0.99999249]
1          [ 0.00181043]
1          [ 1.]
1          [ 0.99996471]
0          [  5.84609952e-05]
0          [ 0.00945039]
1          [ 0.99999976]
0          [ 0.00032674]
0          [  1.40537229e-21]
1          [ 0.98141313]
0          [  1.05453587e-07]
1          [ 1.]
1          [ 0.05497284]
0          [  4.46146455e-20]
1          [ 1.]
1          [ 0.99900085]
1          [  1.72474884e-05]
0          [  3.34325778e-05]
1          [ 0.12126808]
1          [ 0.00077123]
0          [  8.63007027e-11]
0          [  1.48802651e-20]
1          [  8.43450554e-09]
0          [ 0.02557127]
1          [ 0.99931741]
0          [  1.49346043e-16]
1          [ 0.99990928]
1          [ 0.81347054]
0          [ 1.]
0          [  2.28439185e-29]
0          [  3.28281137e-14]
0          [ 0.99723899]
0          [ 0.99999976]
1          [ 1.]
0          [  8.15144501e-13]
0          [ 0.08986843]
1          [ 0.99997377]
0          [  7.08367361e-06]
1          [ 1.]
1          [ 0.9488169]
1          [ 1.]
1          [ 0.64640254]
1          [ 1.]
0          [ 0.03912776]
1          [  7.99000281e-06]
0          [ 0.99973565]
1          [ 0.87279236]
1          [ 1.]
1          [ 0.99958748]
1          [ 1.]
1          [ 0.78879994]
0          [  4.07945936e-06]
0          [ 0.8149628]
1          [ 0.9757356]
1          [ 0.99999988]
1          [ 0.99997354]
0          [  9.24848769e-31]
0          [ 0.00045384]
1          [ 0.37630299]
1          [ 0.00033712]
0          [ 0.23728168]
0          [  3.87579676e-05]
0          [ 1.]
0          [  9.25205370e-08]
1          [ 0.99984181]
1          [ 1.]
1          [ 0.9809503]
1          [ 0.99998176]
1          [ 0.99999106]
1          [ 0.99255002]
0          [  9.81388876e-05]
1          [ 0.95929337]
1          [ 0.99989915]
1          [ 0.99813676]
0          [  2.59454225e-07]
1          [ 0.00013982]
1          [ 0.99986124]
0          [  2.36440083e-05]
1          [ 0.99864858]
0          [  9.96238896e-07]
0          [ 0.0009983]
1          [  5.39940920e-05]
0          [ 0.98995495]
0          [  5.13134955e-06]
1          [ 0.04231574]
0          [  1.65100697e-10]
1          [ 0.00112716]
0          [ 0.00014656]
0          [  1.53329811e-16]
0          [ 0.0668429]
1          [ 1.]
1          [ 1.]
1          [  5.35327388e-07]
0          [ 0.14688283]
1          [ 1.]
1          [ 1.]
1          [  8.19860652e-05]
1          [ 0.99724895]
0          [ 0.88314581]
0          [ 0.74874955]
0          [  6.50875100e-12]
1          [ 0.97321123]
1          [ 1.]
1          [ 0.98958403]
0          [  1.31759135e-17]
1          [ 0.00457889]
0          [  1.88559150e-18]
0          [  1.07691549e-14]
0          [ 0.27478936]
1          [ 0.99999022]
1          [ 0.17373216]
0          [ 0.00485433]
0          [  9.47974913e-05]
0          [ 0.00085129]
0          [  1.96876315e-09]
1          [ 0.30257523]
1          [ 0.0322742]
0          [  7.90964514e-26]
1          [ 0.99999976]
0          [ 0.04930375]
1          [ 1.]
1          [  1.49544030e-05]
1          [ 1.]
1          [ 0.44385934]
1          [ 0.99997437]
1          [ 1.]
0          [  8.87909971e-12]
0          [ 0.00017935]
1          [ 0.56246525]
1          [  7.08662753e-07]
1          [  8.82851455e-05]
1          [ 1.]
1          [ 0.0217901]
1          [ 0.99999988]
1          [ 0.08725738]
0          [  1.66989662e-27]
0          [ 0.75907731]
0          [  7.20962801e-09]
0          [ 0.99520004]
0          [  8.03079671e-20]
1          [ 0.90465814]
1          [ 0.99328703]
1          [ 0.00203039]
1          [ 0.00102201]
0          [  1.36385578e-08]
1          [ 1.]
1          [  1.45701333e-11]
1          [ 0.99999583]
0          [ 0.00582882]
0          [ 0.00622606]
0          [  4.83787500e-18]
1          [ 0.99996305]
0          [  1.67014886e-15]
1          [ 0.00115669]
0          [  1.71852215e-17]
1          [ 0.99832219]
1          [ 0.95780623]
0          [ 0.50748134]
0          [ 0.00821796]
0          [ 0.]
1          [ 0.99813265]
0          [  2.03124671e-07]
0          [  4.71237271e-27]
1          [  5.92661308e-06]
1          [ 1.]
1          [ 0.94151068]
0          [ 0.00068674]
0          [  4.54724614e-09]
1          [ 0.99971575]
0          [  1.87629314e-06]
1          [  1.80749048e-05]
1          [  1.17843409e-11]
1          [ 0.99234712]
0          [  1.94103141e-05]
1          [ 0.99018222]
1          [ 0.47168434]
0          [  7.98216107e-08]
0          [  1.10802085e-26]
1          [  5.60970584e-05]
1          [ 0.04280336]
0          [ 0.02321165]
0          [ 0.01551279]
0          [  3.88750188e-08]
1          [ 0.99992931]
1          [ 1.]
0          [  2.05401779e-10]
1          [ 1.]
1          [ 0.99999988]
1          [ 0.99999845]
0          [  9.67764819e-08]
0          [  6.06691586e-08]
0          [ 0.99426383]
1          [ 0.99125481]
0          [ 0.06336205]
1          [ 1.]
0          [ 0.99852556]
1          [ 1.]
0          [  5.99770901e-05]
0          [  1.14531079e-25]
1          [ 0.79306823]
1          [ 0.99991274]
0          [  7.63537116e-07]
0          [  8.73505150e-21]
1          [ 0.91574359]
1          [ 0.99901164]
0          [  1.33026243e-10]
1          [ 0.99989104]
0          [ 0.44393837]
0          [  1.54666024e-19]
1          [  1.05395479e-07]
0          [  2.54228222e-10]
1          [  2.27290653e-09]
0          [  1.29556199e-09]
0          [ 0.00027943]
1          [ 1.]
0          [ 0.00125128]
1          [ 1.]
0          [ 0.00475298]
1          [ 0.99999952]
0          [ 0.00246362]
1          [ 0.33827868]
0          [ 0.01053768]
1          [  6.79653822e-05]
0          [ 0.76728541]
0          [  3.37780975e-12]
1          [ 0.99992251]
1          [ 0.99993277]
1          [  1.95447257e-07]
0          [  1.43892303e-16]
1          [ 0.99922526]
1          [ 0.99993372]
1          [ 0.04192597]
0          [  4.15081892e-11]
1          [ 0.99999666]
0          [  4.60975649e-08]
1          [ 1.]
1          [  3.03200140e-05]
0          [ 0.9991554]
1          [ 1.]
0          [ 0.00170833]
0          [  3.76456029e-07]
1          [ 0.99827874]
0          [ 0.91122448]
1          [ 1.]
0          [ 0.00943186]
1          [ 0.52446491]
1          [ 1.]
0          [ 0.97270334]
0          [  4.76338982e-07]
0          [ 0.00025012]
0          [ 1.]
0          [ 0.00031474]
1          [ 0.00405847]
1          [ 0.01981957]
0          [ 0.00053898]
1          [ 0.99925858]
0          [ 0.9239828]
0          [ 0.01678594]
0          [  7.84589520e-06]
0          [ 0.00201448]
1          [ 1.]
0          [ 0.9430694]
1          [ 0.00279813]
0          [ 0.99998724]
1          [ 1.]
1          [ 0.99999833]
0          [ 0.98248428]
0          [ 0.92581999]
0          [ 0.94903964]
1          [ 0.75642866]
0          [  7.99172306e-13]
0          [  5.93668899e-21]
1          [ 0.9244774]
0          [ 0.0038646]
0          [ 0.99999964]
1          [ 0.99991202]
1          [ 1.]
1          [  7.49079190e-05]
1          [ 0.99951732]
0          [  3.19029536e-09]
0          [ 0.03544933]
1          [ 0.9996618]
1          [ 0.00339358]
0          [ 1.]
1          [ 0.00909306]
1          [ 0.00253909]
0          [  4.67482650e-12]
1          [ 0.99999928]
0          [ 1.]
1          [ 0.93019581]
1          [ 0.99480903]
1          [ 0.01428218]
1          [  6.76842246e-05]
0          [  1.69207365e-16]
0          [ 0.99447519]
1          [ 0.975775]
1          [ 0.99882001]
0          [  2.51750639e-12]
1          [ 0.96693057]
0          [  8.66744338e-20]
1          [ 1.]
1          [ 1.]
1          [ 0.98743945]
1          [ 1.]
0          [  6.83065627e-38]
1          [ 1.]
1          [ 0.99954504]
1          [ 0.99919957]
1          [ 0.6486901]
1          [ 0.99138921]
0          [  2.18241891e-22]
0          [  8.39378263e-05]
1          [ 0.99417007]
0          [  1.89091872e-21]
1          [ 1.]
0          [ 0.00033134]
1          [ 0.00076908]
0          [  2.56076302e-12]
1          [ 0.96717781]
0          [ 0.00171818]
0          [ 1.]
0          [ 0.22254018]
1          [ 0.97157794]
1          [ 1.]
1          [ 0.60566831]
1          [ 1.]
1          [ 0.04982188]
1          [ 1.]
0          [ 0.89477986]
1          [ 0.99946445]
1          [ 0.80963951]
1          [ 0.88889736]
1          [ 0.94096088]
0          [ 0.99999774]
0          [ 0.00010553]
1          [ 1.]
1          [ 1.]
0          [  2.44398568e-09]
1          [ 1.]
1          [ 0.99999976]
0          [  2.63763486e-05]
1          [ 1.]
0          [  1.58316124e-10]
1          [ 1.]
1          [ 0.99949348]
1          [ 0.00050315]
0          [ 0.99428445]
0          [ 0.04057721]
0          [  1.37619083e-10]
1          [ 0.29025531]
1          [ 0.37367627]
0          [ 0.98750579]
1          [ 1.]
1          [ 0.18893483]
0          [  3.08298824e-13]
0          [ 0.]
1          [ 1.]
0          [ 0.99995637]
0          [ 0.99932373]
0          [  1.99497249e-18]
0          [  7.21035722e-35]
1          [ 1.]
0          [ 0.01062173]
0          [ 0.99996793]
1          [ 0.91795069]
0          [  5.27637135e-11]
1          [ 1.]
1          [ 1.]
1          [ 0.99999988]
0          [ 0.00687277]
1          [ 0.95250404]
0          [  3.25364802e-08]
0          [  1.02038137e-14]
0          [  8.05046377e-11]
0          [ 0.02155423]
1          [ 0.44154724]
0          [ 1.]
1          [ 0.99935132]
0          [ 0.0026013]
1          [ 0.99852836]
0          [ 0.01786943]
0          [  3.27775207e-09]
0          [  3.21670257e-07]
0          [ 0.99999809]
0          [  9.08296715e-05]
1          [ 0.35494235]
0          [  1.96078761e-25]
1          [ 0.13460764]
0          [ 0.00010659]
0          [ 0.01869519]
1          [ 0.00316979]
0          [ 0.00268809]
0          [  4.11669726e-10]
0          [ 0.83198249]
1          [  1.15986052e-06]
0          [ 0.03989052]
0          [  2.60834392e-11]
1          [ 0.98358065]
1          [ 0.99992704]
1          [  2.39261464e-08]
0          [ 0.50754815]
0          [  6.84077572e-15]
0          [ 0.00012405]
1          [  8.60296859e-05]
0          [  7.52609325e-36]
0          [  3.17614988e-16]
1          [ 0.0226385]
1          [ 0.15557811]
1          [ 0.04844349]
1          [ 0.99998283]
1          [ 0.87967443]
1          [ 0.99968052]
0          [  1.02075788e-16]
0          [ 0.2337157]
1          [ 1.]
1          [  8.28951306e-06]
1          [ 0.01084666]
0          [ 0.00672982]
1          [ 0.83944196]
1          [ 0.99998713]
1          [ 0.99999845]
1          [ 0.99963701]
0          [  5.40014079e-21]
0          [  1.73333138e-22]
0          [  7.17054936e-05]
1          [ 0.93854624]
1          [  1.81406339e-08]
1          [ 0.34673217]
0          [ 0.99996364]
1          [ 0.54352176]
0          [ 0.99930108]
1          [ 0.99941349]
0          [ 0.24854894]
0          [  1.10663914e-08]
0          [  1.11316990e-06]
1          [ 0.97479111]
1          [ 0.99989486]
1          [ 0.0498227]
0          [  2.76889420e-22]
1          [ 0.01406037]
0          [  6.53313036e-05]
0          [ 0.03131209]
0          [ 0.99999964]
0          [ 0.9997974]
0          [ 0.00067603]
0          [ 0.7293148]
1          [ 0.99982315]
0          [ 0.00768092]
0          [  1.32425976e-06]
0          [ 0.97026515]
0          [  1.03447737e-17]
1          [ 0.0040587]
1          [ 0.73895198]
0          [ 0.99976903]
0          [  1.14391364e-10]
0          [  4.43782113e-08]
0          [ 0.01054001]
0          [ 0.99164528]
1          [ 0.99999976]
1          [  2.05904858e-08]
1          [ 0.1883923]
0          [ 0.7790457]
0          [  9.89602958e-22]
0          [ 0.04258366]
1          [ 0.9768554]
1          [  1.40735229e-13]
1          [ 0.91780436]
1          [ 0.86797303]
1          [ 0.92861998]
0          [  8.95916066e-15]
1          [ 0.9744994]
0          [ 0.60757482]
1          [ 0.03427608]
1          [ 1.]
1          [ 0.97831172]
1          [ 0.99922431]
0          [ 0.24618985]
0          [ 0.04774057]
0          [ 0.99999869]
1          [ 0.71505523]
1          [ 0.98441112]
1          [ 1.]
0          [  2.18670112e-12]
1          [ 0.99999917]
0          [  1.50190535e-15]
1          [ 1.]
0          [  8.61429061e-09]
1          [ 0.9999094]
1          [ 1.]
1          [ 1.]
0          [  8.39650682e-14]
0          [  5.23746966e-14]
1          [  6.75925112e-05]
0          [ 0.99972337]
1          [ 0.00063727]
0          [  2.35415570e-07]
0          [  4.31956029e-23]
0          [ 0.99999988]
1          [ 0.9850145]
1          [ 0.99998999]
0          [ 0.00020847]
1          [ 0.99968612]
1          [ 0.99374098]
0          [  1.25738255e-08]
0          [ 0.99982327]
1          [ 1.]
0          [ 0.99983799]
0          [  4.33919362e-17]
1          [ 0.58687693]
0          [  5.59987169e-12]
0          [ 0.00065647]
0          [  3.19917204e-10]
0          [  1.93090924e-27]
0          [ 0.52275378]
0          [ 0.02206606]
1          [ 0.96919805]
0          [  1.32414954e-28]
0          [ 0.00759608]
0          [  3.71660991e-09]
1          [ 1.]
1          [  6.28777174e-17]
0          [ 1.]
1          [ 0.9989537]
0          [ 0.99993372]
1          [ 0.9999994]
0          [ 0.00028402]
0          [  6.28226429e-11]
0          [ 0.20936514]
0          [  1.16890411e-23]
0          [  5.09998597e-12]
1          [ 0.86274475]
0          [  3.29462480e-28]
1          [ 0.99839407]
0          [ 0.07569608]
0          [  1.53593205e-09]
0          [  5.88287557e-14]
0          [ 0.00118432]
1          [ 0.48861662]
0          [  5.04951592e-09]
0          [  8.43086156e-26]
1          [  1.68873503e-05]
1          [ 0.99987686]
1          [ 1.]
1          [ 0.99997258]
0          [  5.05594005e-22]
0          [  1.32671818e-09]
0          [  5.59410182e-07]
0          [ 0.00075894]
1          [ 1.]
1          [ 0.95493507]
1          [ 0.99980205]
1          [ 0.9999969]
0          [ 0.26366791]
1          [ 1.]
0          [ 0.042945]
1          [ 0.99998748]
1          [ 0.99909234]
0          [  6.67193722e-09]
0          [  5.08609901e-06]
1          [ 0.97761577]
1          [ 0.10266619]
0          [ 0.99730182]
1          [  2.33768880e-08]
0          [ 0.99975759]
0          [ 0.10343339]
0          [  2.89927755e-07]
1          [ 0.85595012]
1          [ 0.99999189]
0          [ 0.99186969]
1          [ 0.99999976]
1          [ 0.98589325]
0          [ 0.00022095]
1          [ 0.00038321]
0          [  2.03126296e-12]
0          [ 0.13711548]
0          [  5.71823457e-11]
1          [ 0.05069055]
0          [  9.86874493e-09]
1          [ 1.]
1          [ 0.98153853]
0          [  1.67015468e-08]
1          [ 1.]
1          [ 1.]
1          [ 0.99278402]
0          [  6.27525267e-13]
0          [  8.80774566e-13]
1          [ 0.07315744]
1          [ 0.00041531]
0          [ 0.000311]
0          [  4.78166112e-05]
1          [  9.50076240e-10]
1          [ 0.98949122]
1          [ 1.]
1          [ 0.99999845]
0          [ 0.00848872]
1          [ 0.99999762]
1          [  1.86746529e-08]
0          [ 1.]
0          [  9.79697035e-09]
1          [ 0.99971443]
0          [  8.28296155e-15]
0          [ 0.00030853]
1          [ 0.03571843]
0          [  2.18038347e-19]
1          [  3.75382250e-08]
0          [  5.06849610e-05]
1          [ 0.96213192]
1          [ 0.00186661]
1          [ 0.95636714]
0          [ 0.46442923]
0          [  5.40979927e-05]
1          [ 1.]
1          [ 1.]
0          [ 0.00605325]
1          [ 0.00266363]
1          [ 0.93539059]
0          [  6.30151078e-08]
0          [ 0.00067955]
0          [ 0.00021547]
0          [ 0.85324228]
1          [ 0.99867058]
0          [ 0.]
1          [ 0.49178344]
0          [ 0.0077591]
1          [ 0.9998982]
0          [ 0.98970968]
0          [ 0.01508423]
1          [ 0.99999678]
0          [ 0.00214938]
1          [ 1.]
1          [ 0.96701139]
1          [ 1.]
0          [  4.05361789e-09]
1          [ 0.99092454]
1          [ 1.]
1          [ 0.63815832]
0          [  1.44353578e-16]
0          [ 0.99767751]
0          [ 1.]
1          [ 1.]
1          [ 0.65879881]
0          [ 0.15829884]
1          [ 1.]
1          [  3.87895959e-17]
1          [ 0.76354933]
0          [ 0.23809384]
0          [  8.24200379e-06]
1          [ 0.99845767]
1          [ 0.92038864]
0          [ 0.0880107]
1          [ 1.]
0          [ 0.95385748]
1          [ 0.99991035]
0          [ 0.00053647]
0          [  2.01251788e-15]
1          [ 1.]
1          [ 0.70611292]
0          [  2.30411676e-23]
1          [ 0.99998522]
1          [ 0.99994266]
1          [ 0.89293116]
1          [ 0.99946636]
1          [ 0.62542737]
0          [ 0.99934858]
1          [  3.50378868e-05]
0          [  4.66533704e-17]
0          [ 0.01590807]
1          [ 1.]
1          [ 1.]
1          [ 0.00589977]
1          [ 1.]
1          [ 0.99985814]
0          [  2.18784346e-09]
1          [ 0.99877828]
0          [  7.94639352e-14]
1          [ 1.]
1          [ 1.]
1          [ 0.99493307]
1          [ 1.]
0          [ 0.01609861]
1          [ 0.99347323]
1          [ 0.95636833]
1          [ 0.24232894]
1          [ 0.99461466]
0          [  2.21353982e-13]
0          [  9.58126495e-11]
0          [  3.79718017e-08]
0          [ 0.11729836]
1          [ 0.02512293]
1          [ 1.]
1          [ 1.]
0          [  7.22281563e-31]
1          [ 0.00793793]
1          [ 0.99997675]
1          [ 1.]
1          [ 1.]
0          [ 1.]
1          [ 0.00610353]
1          [ 0.9994753]
0          [  2.63015545e-06]
1          [ 0.83441621]
0          [ 0.005154]
1          [ 0.9999963]
1          [ 0.99998999]
0          [  1.38712948e-22]
0          [  2.64418402e-15]
0          [  3.94427069e-09]
0          [  7.97070396e-12]
0          [ 0.00025368]
1          [ 0.94656289]
1          [ 0.99043733]
0          [  2.74714921e-07]
1          [ 0.9999975]
0          [ 0.00061864]
0          [ 0.02023316]
0          [ 0.99996614]
0          [  4.27314954e-29]
1          [ 0.99011958]
0          [  1.07783682e-13]
1          [ 0.99999964]
1          [  9.63797447e-07]
0          [  1.45631396e-10]
1          [ 1.]
0          [ 0.0075099]
1          [ 1.]
0          [ 0.09483812]
0          [  8.75626756e-06]
0          [  3.24971475e-20]
1          [ 0.99859685]
0          [ 0.0022858]
1          [ 0.92158079]
0          [  1.44062327e-08]
0          [  3.57707997e-09]
1          [ 0.12375461]
0          [  3.58382876e-12]
0          [  2.58323141e-08]
1          [ 0.0006773]
1          [ 0.99664068]
0          [  3.12124274e-19]
0          [  9.33510478e-07]
0          [ 1.]
1          [ 0.45162308]
1          [ 1.]
1          [ 1.]
1          [  1.45719255e-07]
1          [ 0.18649201]
1          [ 0.95836139]
0          [  1.78399830e-12]
1          [ 0.69725758]
0          [  9.98479300e-05]
0          [  6.27645245e-12]
1          [ 0.95347691]
0          [ 0.17949583]
1          [  1.21148446e-06]
1          [ 0.02448996]
0          [  4.20406812e-18]
0          [  7.15383500e-28]
1          [ 0.99999988]
1          [ 0.99999988]
0          [ 0.00705365]
1          [ 0.99999917]
0          [ 0.69815987]
1          [ 0.9998523]
1          [ 1.]
0          [ 0.33888504]
1          [ 0.00545695]
1          [ 1.]
1          [ 0.99999642]
0          [ 0.9957633]
0          [ 1.]
0          [  2.26785059e-30]
0          [ 0.22781041]
1          [ 0.99997509]
1          [ 0.21493776]
0          [ 0.00011628]
1          [ 1.]
1          [ 0.99770564]
0          [  5.18017053e-12]
0          [  9.67814022e-17]
1          [ 0.38509467]
1          [ 0.99955446]
1          [ 1.]
1          [ 0.99990726]
0          [ 0.1435381]
1          [ 0.99975199]
1          [ 0.99379456]
0          [  3.46630710e-11]
1          [ 0.99984694]
1          [ 0.99999261]
1          [  5.56431075e-07]
0          [ 0.08172625]
1          [ 0.00619416]
0          [ 0.11021856]
1          [  1.89894758e-12]
1          [ 0.99969602]
0          [  7.66374075e-09]
0          [  1.04104402e-26]
1          [ 0.96095347]
1          [ 1.]
0          [ 1.]
0          [ 0.54113185]
0          [ 0.99911898]
0          [ 0.99998283]
1          [ 0.21722427]
0          [  6.12990172e-23]
0          [  7.09039716e-09]
1          [ 0.99071151]
1          [ 0.99203229]
0          [ 0.05968734]
1          [ 0.99999654]
0          [  1.37545153e-09]
1          [ 0.99995077]
1          [ 1.]
0          [ 0.86661571]
1          [  1.22822939e-06]
0          [ 0.99577051]
1          [ 0.99501967]
0          [  6.82740323e-11]
1          [ 1.]
1          [ 0.99933136]
0          [ 0.90880775]
0          [  2.59113989e-07]
0          [  3.81449354e-06]
0          [ 0.42740539]
0          [ 0.80112201]
0          [  9.82525896e-14]
1          [ 0.17912456]
0          [ 0.03529876]
1          [  9.45181237e-05]
0          [ 0.09537797]
1          [  6.51680966e-05]
0          [ 0.99938536]
1          [ 0.99523252]
0          [ 0.00018688]
1          [  7.79401219e-08]
0          [  4.14369510e-17]
0          [ 0.99998355]
1          [  1.98855287e-06]
1          [ 0.99990559]
0          [ 0.38628769]
0          [  8.95734686e-08]
1          [ 0.99999928]
0          [ 0.10474594]
1          [ 0.99999976]
1          [ 1.]
1          [ 0.9999975]
0          [ 0.99999988]
0          [ 0.00398893]
1          [ 0.99976283]
1          [ 0.99954897]
1          [ 0.68104738]
0          [  4.72031503e-16]
1          [ 0.98457736]
0          [  6.51421544e-07]
1          [ 1.]
1          [  2.90708457e-10]
1          [ 0.99974579]
1          [ 0.80508733]
0          [  4.34843896e-05]
1          [ 0.42292613]
1          [ 0.9995116]
0          [  4.01604271e-11]
0          [ 0.00022221]
1          [ 1.]
0          [ 0.99999928]
1          [ 1.]
1          [ 1.]
1          [ 1.]
1          [ 0.03761914]
0          [ 0.92099971]
1          [ 1.]
0          [  2.35833775e-09]
0          [  8.51472578e-05]
1          [ 0.99999988]
1          [ 0.99999356]
1          [ 0.09373519]
1          [ 0.99999201]
0          [ 0.3187418]
0          [ 0.02105557]
0          [ 0.99999869]
1          [ 0.01546779]
0          [ 0.06031118]
1          [ 0.99999821]
0          [ 0.30452552]
0          [ 0.99321997]
0          [ 1.]
1          [ 1.]
0          [ 0.00278304]
0          [ 0.94747883]
0          [  3.30673822e-35]
1          [ 0.99997103]
1          [ 1.]
1          [ 1.]
0          [  9.02711899e-23]
0          [ 0.99994588]
1          [ 1.]
1          [ 0.99996197]
1          [ 1.]
0          [ 0.]
1          [ 0.99955362]
0          [  2.94767899e-12]
1          [ 1.]
0          [ 0.99916053]
1          [ 0.99999964]
1          [ 0.96316248]
0          [  7.88067250e-11]
1          [ 0.99999988]
1          [ 1.]
1          [ 0.56698316]
1          [ 1.]
1          [ 1.]
1          [  3.94245227e-12]
1          [ 0.00044155]
0          [  6.99227343e-10]
0          [ 0.76656973]
1          [ 0.96747899]
1          [ 0.99999821]
0          [ 0.34440014]
0          [ 0.11897999]
0          [ 0.95891756]
1          [ 1.]
0          [ 0.00026213]
0          [ 0.00222346]
1          [ 0.99990404]
0          [ 0.00016871]
0          [  1.72567356e-20]
1          [ 0.9999994]
1          [ 0.98709911]
1          [ 0.99763262]
0          [ 0.31842601]
1          [ 0.99999988]
0          [ 0.02162193]
0          [ 0.93473548]
0          [ 0.54042208]
1          [ 0.9104265]
1          [ 0.94921792]
0          [ 0.95702618]
1          [ 0.59407479]
1          [ 1.]
1          [  5.96612210e-07]
1          [ 1.]
1          [ 0.00656291]
0          [ 0.93771487]
1          [ 0.35331589]
0          [ 0.99949539]
0          [  6.66398673e-21]
1          [ 0.98529565]
0          [  2.81918619e-06]
0          [ 0.31410101]
0          [ 0.00015982]
1          [ 0.94512528]
1          [ 0.96589881]
0          [ 0.99651682]
0          [ 0.01377386]
0          [  3.16901350e-07]
1          [  7.07336440e-05]
0          [ 0.99999917]
0          [ 0.99122798]
0          [  2.18605081e-08]
1          [ 0.96658409]
0          [ 0.00531874]
1          [  3.49708898e-05]
1          [ 0.6657601]
1          [ 1.]
0          [ 0.98707485]
1          [ 0.59679258]
0          [ 0.99999857]
0          [  1.43033390e-08]
1          [ 0.99991715]
0          [  7.72813546e-09]
0          [  2.36113185e-10]
0          [ 0.10489587]
1          [ 0.99406177]
1          [ 1.]
1          [ 0.99978584]
1          [ 0.00018756]
1          [ 0.99508023]
0          [  2.26960892e-21]
1          [  2.37472463e-07]
1          [ 0.98199159]
1          [ 0.99407989]
1          [  8.45249470e-09]
1          [ 0.98721188]
1          [ 0.99998331]
1          [ 1.]
0          [  1.11642168e-18]
1          [  8.35902458e-09]
0          [  3.33393591e-14]
1          [ 0.94985646]
1          [ 0.99999726]
0          [  2.09190253e-14]
0          [  1.96799732e-09]
1          [ 0.99016213]
0          [ 0.99489391]
1          [ 0.99999988]
0          [ 0.52328682]
1          [  1.39002359e-05]
1          [ 0.99999809]
1          [ 0.05067692]
1          [ 1.]
1          [ 0.99936026]
0          [  3.30820621e-10]
1          [ 0.99995255]
0          [  7.02393947e-07]
0          [  4.33501570e-21]
0          [  4.40921699e-09]
1          [ 0.71353829]
1          [ 0.99937338]
1          [ 0.96877992]
0          [  2.41703385e-31]
0          [  2.24358185e-10]
1          [  5.98227737e-26]
0          [  6.52777962e-25]
0          [  2.74305246e-15]
1          [ 0.00805117]
1          [  7.60819858e-26]
0          [  2.97930995e-08]
0          [ 0.99988365]
0          [ 0.00027785]
1          [ 1.]
0          [  1.22816800e-07]
0          [ 0.00403135]
1          [ 0.98648167]
1          [ 1.]
0          [ 0.53698885]
0          [ 0.99996877]
0          [  9.14960585e-15]
0          [  1.78548057e-14]
0          [ 0.91287446]
1          [ 0.99999952]
1          [ 0.69606471]
0          [ 0.00118585]
0          [ 0.99995136]
0          [  1.29879110e-20]
1          [ 1.]
0          [  4.33129835e-35]
1          [ 0.04255598]
1          [  1.22575514e-07]
1          [ 0.90292454]
1          [ 1.]
0          [ 1.]
1          [ 0.99997175]
0          [  4.09171941e-09]
0          [ 0.00519005]
1          [ 0.99999893]
0          [ 0.0857361]
0          [  2.49927314e-12]
1          [ 0.13297431]
0          [ 0.94040036]
1          [ 0.84897524]
0          [ 0.99997318]
1          [ 1.]
0          [ 1.]
0          [ 0.00231781]
1          [ 0.99854147]
0          [ 0.99999988]
0          [ 0.99999964]
0          [  1.92324236e-19]
0          [ 0.99999964]
0          [ 0.00087411]
0          [ 0.00298132]
0          [ 0.99678445]
0          [ 1.]
0          [ 0.99999595]
1          [ 0.98887688]
1          [ 0.36862469]
1          [ 0.9999845]
0          [ 0.86519372]
1          [ 0.89302593]
0          [  2.84770266e-07]
1          [ 0.83513212]
0          [ 0.02449291]
1          [ 1.]
1          [ 1.]
0          [ 0.00198315]
1          [ 0.99998987]
1          [  5.97138102e-14]
0          [ 0.99999905]
0          [  1.00644807e-12]
0          [ 0.03261203]
0          [  1.20019520e-14]
1          [ 1.]
1          [  2.45438769e-05]
1          [ 0.63015717]
1          [ 0.9999826]
1          [ 1.]
1          [ 0.22528408]
1          [ 1.]
0          [  3.22092340e-34]
1          [ 1.]
1          [ 0.99929368]
1          [ 0.99989748]
1          [ 1.]
1          [ 0.99884367]
1          [ 1.]
0          [ 0.00077486]
0          [ 0.53476298]
1          [ 0.00023803]
1          [ 0.0050377]
1          [ 1.]
1          [ 1.]
1          [ 1.]
1          [ 0.003315]
0          [  8.34907849e-36]
0          [ 0.2814106]
0          [  6.09656610e-08]
1          [ 0.99997163]
0          [ 0.00257148]
0          [ 0.000249]
0          [  4.89837623e-18]
1          [ 1.]
0          [  1.68169769e-34]
0          [ 0.16342194]
1          [ 0.99760783]
1          [ 0.97142541]
0          [ 1.]
0          [  7.10958901e-08]
1          [ 0.99986207]
0          [ 0.00525702]
1          [  2.34373160e-10]
0          [  1.47285841e-19]
1          [  3.36577527e-13]
1          [ 0.999448]
0          [ 1.]
1          [ 0.97403377]
1          [ 0.92814356]
0          [ 0.00480383]
1          [ 0.94613361]
0          [ 0.99999893]
1          [ 0.89898521]
0          [  4.03012024e-09]
0          [  3.22854731e-07]
0          [ 0.70228469]
0          [  2.72440639e-06]
0          [ 0.10709807]
0          [  1.48473063e-22]
0          [ 0.66108483]
1          [ 0.04498096]
1          [ 0.30342415]
0          [ 0.37537882]
1          [ 0.99999964]
1          [ 0.99913055]
1          [ 0.99645823]
0          [ 0.18373634]
1          [  1.19881565e-06]
0          [ 1.]
1          [ 1.]
0          [  2.56873790e-07]
0          [  1.53759658e-17]
1          [ 0.37294707]
1          [ 0.39787403]
1          [ 1.]
1          [ 0.99458659]
1          [ 0.98557276]
1          [ 0.68678004]
1          [ 0.9994874]
0          [ 0.99972433]
0          [ 0.9978655]
1          [ 0.9999994]
0          [ 0.99956757]
1          [ 0.00012206]
1          [ 0.01980429]
0          [ 0.01234233]
1          [ 1.]
1          [ 0.99463898]
1          [ 0.33859852]
0          [ 0.07537416]
0          [ 0.99998581]
1          [ 1.]
1          [ 1.]
0          [  1.44526070e-23]
1          [  1.67610609e-12]
0          [ 0.22325718]
0          [ 0.54329783]
0          [ 0.99894363]
1          [ 1.]
1          [ 0.14744098]
1          [ 0.99594218]
0          [ 0.62557316]
0          [ 0.50286072]
0          [  2.35798692e-09]
1          [ 0.99995542]
1          [ 1.]
0          [ 0.99998355]
0          [  7.74247582e-13]
0          [ 0.29307428]
1          [ 0.93799126]
1          [  3.46441993e-05]
0          [  9.69295343e-06]
0          [ 0.994497]
0          [ 0.92933768]
1          [ 0.9999969]
0          [ 0.00084852]
1          [ 0.99818534]
1          [ 1.]
1          [ 0.52558875]
0          [  1.74104152e-05]
1          [ 0.00027268]
1          [ 0.49663869]
1          [ 0.99501002]
0          [  2.65202029e-17]
1          [ 0.00508079]
1          [ 1.]
1          [ 0.01102897]
0          [  8.99123904e-08]
0          [  1.85494118e-05]
0          [ 0.99992597]
0          [  7.26713210e-07]
0          [ 1.]
1          [ 1.]
1          [  2.55162286e-06]
0          [ 0.07419644]
0          [ 0.99996376]
0          [  7.89487160e-08]
1          [ 0.99767858]
1          [ 0.84393156]
1          [  8.89189167e-09]
1          [ 1.]
1          [ 0.99999821]
1          [ 0.01388126]
0          [ 0.13005193]
0          [  1.96054241e-12]
1          [ 1.]
0          [  1.08070901e-06]
0          [ 0.00871358]
0          [  8.09440266e-08]
1          [ 0.01446365]
0          [ 0.98722714]
1          [ 0.99645042]
1          [ 0.98780406]
1          [ 1.]
1          [ 0.00839125]
0          [  2.32942582e-10]
1          [ 0.98840386]
0          [  2.70717724e-08]
1          [ 0.99999726]
1          [ 1.]
0          [  7.66990084e-23]
0          [ 0.53525382]
1          [ 1.]
1          [ 0.17768742]
1          [ 0.00103456]
1          [ 0.93924201]
0          [ 0.00026079]
1          [ 0.99999976]
1          [ 1.]
1          [ 0.7285167]
0          [  2.84791895e-12]
0          [ 0.29743555]
0          [  1.54408899e-05]
1          [ 0.99686497]
1          [  8.08167613e-08]
1          [ 0.99907291]
0          [  8.07841716e-05]
1          [ 0.99999917]
0          [ 0.99970585]
1          [ 0.99999988]
1          [ 0.00473634]
0          [ 0.00676411]
1          [ 0.99874049]
0          [  7.27747306e-07]
0          [  1.47617520e-29]
0          [ 0.56410748]
1          [ 0.51623368]
0          [ 0.2100703]
0          [ 0.22358318]
1          [ 0.9429155]
1          [ 0.97127759]
1          [ 1.]
1          [ 0.9999547]
0          [  2.45100864e-07]
1          [ 0.29803669]
0          [  1.60037386e-16]
0          [ 0.00153582]
1          [ 1.]
1          [ 1.]
0          [  7.05570856e-14]
1          [ 0.99859136]
0          [ 0.01449892]
1          [ 1.]
0          [ 0.9996717]
0          [  8.90403816e-29]
1          [ 1.]
1          [ 0.99994302]
0          [ 0.08567291]
0          [  7.38527604e-07]
0          [  1.76892623e-09]
1          [ 1.]
1          [ 0.00377578]
1          [ 0.99999905]
0          [  3.04653075e-20]
0          [  2.57890287e-09]
1          [  8.45423699e-07]
0          [  1.22417261e-18]
0          [ 0.18561272]
0          [  9.90519041e-14]
1          [ 1.]
0          [ 0.83028322]
1          [ 0.00329886]
1          [ 1.]
0          [ 0.99997962]
1          [ 0.99919301]
0          [ 0.176063]
0          [ 0.99829239]
1          [ 0.00040285]
1          [ 0.9999795]
1          [  1.08841105e-11]
1          [  5.51040458e-08]
1          [ 1.]
0          [  3.86720766e-20]
0          [  2.02340971e-08]
0          [  8.00762555e-16]
0          [ 0.16357259]
1          [ 0.44293305]
1          [ 0.4878042]
0          [ 0.73412812]
1          [ 1.]
0          [ 0.02399494]
0          [ 0.00207544]
0          [  7.65585932e-18]
1          [  6.68885156e-11]
1          [ 0.28289112]
0          [  7.78159828e-11]
0          [ 0.99947768]
0          [  1.58812350e-06]
1          [ 1.]
0          [  2.15426175e-23]
0          [  1.11420331e-06]
0          [  6.63794272e-05]
1          [ 0.00121042]
1          [ 0.99999952]
1          [  6.03938170e-05]
1          [ 0.05539083]
1          [ 0.96165633]
0          [  1.36971368e-08]
0          [ 0.25454319]
1          [ 0.81370604]
1          [ 0.99999917]
1          [ 0.00582996]
1          [ 0.99973768]
0          [  1.91774401e-08]
1          [ 1.]
0          [  7.63096159e-06]
1          [ 0.99791867]
1          [ 1.]
1          [ 0.83246362]
0          [ 0.20834808]
1          [ 1.]
0          [  2.40353074e-07]
1          [  4.23817874e-05]
0          [ 0.99347115]
1          [ 1.]
1          [  2.10839971e-06]
1          [  4.24584395e-10]
0          [ 0.99947649]
0          [ 0.02406074]
0          [ 0.00226888]
1          [ 0.69878513]
0          [ 0.99998474]
1          [ 0.99634141]
1          [ 0.99991691]
1          [  3.49191359e-05]
1          [  6.03276590e-07]
0          [  7.79500187e-10]
0          [  6.11200901e-18]
1          [ 0.65591556]
0          [ 0.00284705]
0          [  1.62658182e-07]
0          [ 0.9221825]
0          [  6.93961238e-06]
1          [ 1.]
0          [ 0.98247486]
0          [ 0.61504477]
1          [ 0.0566149]
1          [ 0.99541038]
1          [ 0.00025307]
0          [ 0.01146181]
1          [ 0.45323193]
0          [ 0.99325079]
1          [  9.93001947e-08]
0          [ 0.86000514]
1          [  2.41645488e-22]
0          [ 0.99287248]
0          [ 0.00096554]
0          [ 0.99999344]
1          [ 1.]
0          [  5.76877661e-31]
1          [ 0.99995601]
